INSTANCE		AREA	EXPOSED	AREA	PERC	EXPOSED
state_reg_3__17_	5.32	1.8641		35.0394736842
state_reg_2__11_	5.32	2.6518		49.8458646617
istate_reg_3__25_	5.32	3.6137		67.9266917293
state_reg_2__4_		5.32	3.3098		62.2142857143
state_reg_1__26_	5.32	2.989		56.1842105263
state_reg_0__25_	5.32	3.1756		59.6917293233
state_reg_0__19_	5.32	3.4825		65.4605263158
istate_reg_1__11_	5.32	3.0846		57.9812030075
state_reg_3__20_	5.32	3.4566		64.9736842105
state_reg_0__17_	5.32	4.3409		81.5958646617
state_reg_1__20_	5.32	2.452		46.0902255639
state_reg_1__0_		5.32	1.7262		32.4473684211
istate_reg_0__9_	5.32	2.7399		51.5018796992
istate_reg_1__4_	5.32	1.9926		37.454887218
state_reg_3__11_	5.32	2.5248		47.4586466165
state_reg_3__9_		5.32	1.9195		36.0808270677
istate_reg_0__17_	5.32	2.5212		47.3909774436
istate_reg_1__3_	5.852	1.8244		31.1756664388
state_reg_2__17_	5.32	2.863		53.8157894737
istate_reg_3__1_	5.32	3.2459		61.0131578947
state_reg_0__27_	5.32	3.3821		63.5733082707
istate_reg_3__26_	5.32	3.9418		74.0939849624
state_reg_3__1_		5.32	3.7121		69.7763157895
state_reg_1__11_	5.32	2.3135		43.4868421053
state_reg_0__16_	5.32	2.9121		54.7387218045
istate_reg_2__20_	5.32	2.4969		46.9342105263
istate_reg_0__20_	5.32	3.0735		57.772556391
istate_reg_1__18_	5.32	2.3999		45.1109022556
istate_reg_2__2_	5.32	2.1565		40.5357142857
istate_reg_1__8_	5.32	1.6042		30.1541353383
state_reg_2__12_	5.32	2.4798		46.6127819549
state_reg_3__26_	5.32	3.4146		64.1842105263
istate_reg_0__8_	5.32	2.0501		38.5357142857
istate_reg_1__28_	5.32	1.7448		32.7969924812
istate_reg_1__10_	5.32	2.2313		41.9417293233
istate_reg_1__20_	5.32	1.2167		22.8703007519
istate_reg_3__4_	5.32	2.5823		48.5394736842
state_reg_0__12_	5.32	3.348		62.9323308271
istate_reg_0__19_	5.32	1.945		36.5601503759
state_reg_2__16_	5.32	2.9384		55.2330827068
state_reg_3__10_	5.32	1.4686		27.6052631579
state_reg_0__28_	5.32	3.6422		68.462406015
state_reg_0__26_	5.32	3.0987		58.2462406015
istate_reg_2__27_	5.852	2.669		45.6083390294
istate_reg_3__21_	5.32	2.4576		46.1954887218
istate_reg_3__0_	5.32	3.2831		61.712406015
state_reg_1__2_		5.32	1.7361		32.6334586466
state_reg_1__8_		5.32	1.5808		29.7142857143
istate_reg_1__27_	5.32	2.0367		38.2838345865
state_reg_2__9_		5.32	2.1096		39.6541353383
state_reg_2__18_	5.32	2.0644		38.8045112782
state_reg_3__12_	5.32	1.9577		36.7988721805
state_reg_2__10_	5.32	1.2403		23.3139097744
istate_reg_2__16_	5.32	1.5571		29.2687969925
istate_reg_3__24_	5.32	3.4253		64.3853383459
state_reg_1__24_	5.32	3.2869		61.7838345865
istate_reg_2__8_	5.32	2.2985		43.204887218
state_reg_3__28_	5.32	3.0471		57.2763157895
istate_reg_3__16_	5.32	2.1552		40.5112781955
state_reg_2__25_	5.32	2.3247		43.6973684211
istate_reg_1__0_	5.32	2.4046		45.1992481203
istate_reg_0__31_	5.32	3.3411		62.8026315789
istate_reg_0__27_	5.32	3.0354		57.0563909774
istate_reg_0__26_	5.32	2.8719		53.9830827068
istate_reg_0__23_	5.852	2.2202		37.9391660971
istate_reg_0__21_	5.32	2.3174		43.5601503759
istate_reg_0__16_	5.32	3.0192		56.7518796992
istate_reg_0__15_	5.32	3.1259		58.757518797
istate_reg_0__12_	5.32	2.0068		37.7218045113
istate_reg_0__5_	5.32	2.3149		43.5131578947
istate_reg_0__4_	5.32	2.5161		47.295112782
istate_reg_0__3_	5.32	2.863		53.8157894737
istate_reg_0__2_	5.32	3.2383		60.8703007519
istate_reg_1__31_	5.32	2.6192		49.2330827068
istate_reg_1__29_	5.32	2.9063		54.6296992481
istate_reg_1__25_	5.32	2.693		50.6203007519
istate_reg_1__24_	5.32	2.0336		38.2255639098
istate_reg_1__23_	5.852	2.4276		41.4832535885
istate_reg_1__16_	5.32	3.6335		68.2988721805
istate_reg_1__15_	5.32	1.6952		31.8646616541
istate_reg_1__13_	5.32	2.1241		39.9266917293
istate_reg_1__12_	5.32	1.3569		25.5056390977
istate_reg_1__7_	5.852	1.334		22.7956254272
istate_reg_1__5_	5.32	1.5658		29.4323308271
istate_reg_1__2_	5.32	1.3652		25.6616541353
istate_reg_1__1_	5.32	2.7525		51.7387218045
istate_reg_2__31_	5.32	3.1988		60.1278195489
istate_reg_2__29_	5.32	2.1356		40.1428571429
istate_reg_2__28_	5.32	3.9093		73.4830827068
istate_reg_2__26_	5.32	3.4911		65.6221804511
istate_reg_2__25_	5.32	3.1657		59.5056390977
istate_reg_2__24_	5.32	1.7231		32.3890977444
istate_reg_2__23_	5.32	1.424		26.7669172932
istate_reg_2__21_	5.32	2.3626		44.4097744361
istate_reg_2__15_	5.32	1.4751		27.727443609
istate_reg_2__13_	5.32	1.9847		37.3063909774
istate_reg_2__12_	5.852	1.2658		21.6302118934
istate_reg_2__11_	5.32	3.1819		59.8101503759
istate_reg_2__9_	5.32	2.4615		46.2687969925
istate_reg_2__7_	5.32	1.7348		32.6090225564
istate_reg_2__3_	5.32	1.8296		34.3909774436
istate_reg_2__1_	5.32	2.1902		41.1691729323
istate_reg_2__0_	5.32	3.4776		65.3684210526
istate_reg_3__29_	5.32	2.4534		46.1165413534
istate_reg_3__28_	5.32	4.2141		79.212406015
istate_reg_3__23_	5.32	2.2494		42.2819548872
istate_reg_3__19_	5.32	1.8766		35.2744360902
istate_reg_3__18_	5.32	2.3108		43.4360902256
istate_reg_3__13_	5.32	1.8825		35.3853383459
istate_reg_3__12_	5.32	1.4963		28.1259398496
istate_reg_3__11_	5.32	2.6376		49.5789473684
istate_reg_3__8_	5.32	2.8725		53.9943609023
istate_reg_3__7_	5.32	2.0328		38.2105263158
istate_reg_3__6_	5.32	1.2026		22.6052631579
istate_reg_3__5_	5.32	2.2878		43.0037593985
state_reg_0__29_	5.32	3.3941		63.7988721805
state_reg_0__24_	5.32	2.418		45.4511278195
state_reg_0__20_	5.32	1.6674		31.3421052632
state_reg_0__11_	5.32	2.7728		52.1203007519
state_reg_0__9_	5.32	2.5022	47.03383	45865
state_reg_0__3_	5.32	1.5093	28.37030	07519
state_reg_0__0_	5.32	2.3615	44.38909	77444
state_reg_3__27_	5.32	2.761		51.8984962406
state_reg_3__25_	5.32	2.2558		42.4022556391
state_reg_3__21_	5.32	1.9991		37.5770676692
state_reg_3__6_	5.852	3.6953	63.14593	30144
state_reg_3__3_	5.32	3.8879	73.08082	70677
state_reg_2__28_	5.32	3.4071		64.0432330827
state_reg_2__27_	5.852	4.2968		73.4244702666
state_reg_2__26_	5.32	2.1231		39.9078947368
state_reg_2__13_	5.32	1.4935		28.0733082707
state_reg_2__3_	5.32	2.483	46.67293	23308
state_reg_2__1_	5.32	2.4276	45.63157	89474
state_reg_1__28_	5.32	2.4826		46.6654135338
state_reg_1__27_	5.32	3.1441		59.0996240602
state_reg_1__25_	5.32	2.7423		51.5469924812
state_reg_1__19_	5.32	2.8856		54.2406015038
state_reg_1__17_	5.32	2.5315		47.5845864662
state_reg_1__14_	5.32	2.126		39.962406015
state_reg_1__1_	5.32	1.6537	31.08458	64662
state_reg_1__18_	5.32	2.1137		39.7312030075
istate_reg_0__29_	5.32	2.6402		49.6278195489
istate_reg_0__13_	5.32	2.4085		45.272556391
istate_reg_1__30_	5.32	2.2723		42.712406015
istate_reg_1__14_	5.32	2.0225		38.0169172932
istate_reg_3__31_	5.32	2.0314		38.1842105263
state_reg_0__2_	5.32	1.7552	32.99248	1203
state_reg_3__19_	5.32	4.1645		78.280075188
state_reg_3__4_	5.32	2.6975	50.70488	7218
istate_reg_3__10_	5.32	1.4229		26.7462406015
istate_reg_0__18_	5.32	0.643		12.0864661654
istate_reg_0__14_	5.32	3.0659		57.6296992481
istate_reg_0__11_	5.32	2.3943		45.0056390977
istate_reg_0__0_	5.32	2.6607		50.0131578947
istate_reg_1__26_	5.32	2.1392		40.2105263158
istate_reg_1__19_	5.32	2.0137		37.8515037594
istate_reg_1__17_	5.32	3.8823		72.9755639098
istate_reg_1__9_	5.32	1.9544		36.7368421053
istate_reg_2__4_	5.32	2.046		38.4586466165
istate_reg_3__27_	5.32	3.7989		71.4078947368
istate_reg_3__20_	5.32	2.551		47.9511278195
istate_reg_3__9_	5.32	2.9288		55.0526315789
istate_reg_3__2_	5.32	1.4864		27.9398496241
state_reg_0__18_	5.32	1.1924		22.4135338346
state_reg_0__8_	5.32	3.5156	66.08270	67669
state_reg_0__4_	5.32	1.7196	32.32330	82707
state_reg_0__1_	5.32	2.8655	53.86278	19549
state_reg_3__29_	5.32	1.2902		24.2518796992
state_reg_3__18_	5.32	3.9343		73.9530075188
state_reg_3__8_	5.32	1.7314	32.54511	2782
state_reg_3__2_	5.32	4.033	75.80827	06767
state_reg_2__29_	5.32	2.8733		54.0093984962
state_reg_2__20_	5.32	1.1798		22.1766917293
state_reg_2__8_	5.32	1.2754	23.97368	42105
state_reg_2__2_	5.32	2.0617	38.75375	93985
state_reg_2__0_	5.32	2.2599	42.47932	33083
state_reg_1__12_	5.32	1.276		23.984962406
state_reg_1__10_	5.32	1.4773		27.7687969925
state_reg_1__9_	5.32	1.4272	26.82706	76692
state_reg_1__4_	5.32	1.6787	31.55451	12782
state_reg_1__3_	5.32	1.8101	34.02443	60902
state_reg_3__0_	5.32	4.0472	76.07518	79699
state_reg_1__5_	5.32	1.9853	37.31766	91729
state_reg_3__16_	5.32	1.7563		33.0131578947
istate_reg_2__19_	5.32	1.0503		19.742481203
istate_reg_0__30_	5.32	2.9992		56.3759398496
state_reg_1__16_	5.32	2.486		46.7293233083
state_reg_2__24_	5.32	2.9778		55.9736842105
istate_reg_3__3_	5.32	2.0499		38.5319548872
istate_reg_0__10_	5.32	2.896		54.4360902256
istate_reg_0__28_	5.32	2.7589		51.8590225564
istate_reg_0__24_	5.32	4.781		89.8684210526
istate_reg_0__7_	5.32	2.3254		43.7105263158
istate_reg_1__22_	5.32	2.825		53.1015037594
istate_reg_1__21_	5.32	1.8718		35.1842105263
istate_reg_1__6_	5.852	1.7818		30.4477101846
istate_reg_2__22_	5.32	2.5224		47.4135338346
istate_reg_2__17_	5.32	1.9561		36.7687969925
istate_reg_2__6_	5.32	2.4282		45.6428571429
istate_reg_2__5_	5.32	2.0474		38.484962406
istate_reg_3__30_	5.32	2.6873		50.5131578947
istate_reg_3__22_	5.32	2.6482		49.7781954887
istate_reg_3__17_	5.32	1.92		36.0902255639
istate_reg_3__15_	5.32	2.9739		55.9003759398
istate_reg_3__14_	5.32	2.8138		52.8909774436
state_reg_0__31_	5.32	2.9487		55.4266917293
state_reg_0__30_	5.32	3.2884		61.8120300752
state_reg_0__23_	5.32	2.7607		51.8928571429
state_reg_0__22_	5.32	1.9423		36.5093984962
state_reg_0__21_	5.852	2.0511		35.0495557075
state_reg_0__15_	5.32	2.4093		45.287593985
state_reg_0__14_	5.32	2.0281		38.1221804511
state_reg_0__13_	5.852	3.2533		55.5929596719
state_reg_0__7_	5.32	2.6438	49.69548	87218
state_reg_0__6_	5.32	3.0431	57.20112	78195
state_reg_0__5_	5.32	2.325	43.70300	75188
state_reg_3__23_	5.32	1.8641		35.0394736842
state_reg_3__31_	5.32	3.9681		74.5883458647
state_reg_3__30_	5.32	2.4385		45.8364661654
state_reg_3__24_	5.32	3.4253		64.3853383459
state_reg_3__22_	5.32	1.5864		29.8195488722
state_reg_3__15_	5.32	1.5052		28.2932330827
state_reg_3__14_	5.32	1.9326		36.3270676692
state_reg_3__13_	5.32	1.68		31.5789473684
state_reg_3__7_		5.32	2.9377		55.219924812
state_reg_3__5_		5.32	2.2139		41.6146616541
state_reg_2__15_	5.32	2.1622		40.6428571429
state_reg_2__31_	5.32	3.5932		67.5413533835
state_reg_2__30_	5.32	2.2282		41.8834586466
state_reg_2__23_	5.32	2.6602		50.0037593985
state_reg_2__22_	5.32	1.6133		30.3251879699
state_reg_2__19_	5.32	2.5253		47.4680451128
state_reg_2__14_	5.32	1.7863		33.5770676692
state_reg_2__7_		5.32	1.6497		31.0093984962
state_reg_2__6_		5.32	1.8059		33.9454887218
state_reg_1__7_		5.32	2.2945		43.1296992481
state_reg_1__31_	5.32	2.5767		48.4342105263
state_reg_1__30_	5.32	1.4101		26.5056390977
state_reg_1__23_	5.32	1.9201		36.0921052632
state_reg_1__21_	5.32	1.6944		31.8496240602
state_reg_1__15_	5.32	1.4522		27.2969924812
now_state_reg_0_	5.32	2.2324		41.962406015
now_state_reg_1_	5.32	2.1602		40.6052631579
istate_reg_2__30_	5.32	2.9246		54.9736842105
istate_reg_2__14_	5.32	1.6484		30.984962406
state_reg_2__21_	5.32	2.9382		55.2293233083
state_reg_1__22_	5.32	2.0099		37.780075188
state_reg_1__6_		5.32	1.5441		29.0244360902
istate_reg_0__25_	5.32	3.3596		63.1503759398
istate_reg_0__22_	5.32	2.1912		41.1879699248
istate_reg_0__6_	5.32	1.9735		37.0958646617
istate_reg_0__1_	5.32	2.5908		48.6992481203
istate_reg_2__10_	5.32	3.2283		60.6823308271
state_reg_0__10_	5.32	2.2071		41.4868421053
state_reg_2__5_		5.32	2.2751		42.765037594
state_reg_1__29_	5.32	2.5184		47.3383458647
state_reg_1__13_	5.32	1.1602		21.8082706767
istate_reg_2__18_	5.32	1.333		25.0563909774
